238
325
371
374
425
439
1591
1997
2274
2921
3154
3984
4547
4962
5001
5871
6356
6575
7508
7977
8257
8367
9818
10129
10395
10786
11050
11417
12654
14364
14721
15010
15480
15809
15981
15982
16152
17726
17927
18338
19476
19885
20464
20841
20873
21203
21527
21730
22037
22402
22782
22883
23099
23491
23673
24748
25265
26283
26503
26616
26716
26916
27878
28295
28382
28720
28805
28980
29871
32369
32675
34579
34988
35267
36232
36995
37468
37509
38197
38223
39239
39969
40483
40892
40912
42709
44193
44479
46017
46047
46603
46758
46798
47122
47704
48144
48146
48210
48211
48287
49807
50363
50566
50585
50761
50931
51071
51351
51398
51687
51969
52891
53125
53455
53634
53795
54533
54996
55031
55172
55395
55982
58229
59671
60630
60637
61210
63092
64263
64722
64954
65762
66064
67282
67659
68090
68634
69008
69124
69148
69162
69247
69504
70280
70859
71394
71526
71975
72382
72841
73136
73195
73349
73980
74125
74210
74286
74711
75004
75741
76166
76454
76741
76743
76797
76976
77016
77141
77400
77826
78584
79553
79749
80083
80148
80282
80585
81172
81218
82592
83881
84761
85379
85517
85591
85721
85962
86615
86898
87123
87213
87373
87577
88995
89003
89077
89142
90288
90641
91129
91177
91261
91447
91477
92875
93438
94597
94616
94750
94791
95758
96080
96279
96368
96496
97420
98321
98810
99257
99482
99951
99952
100264
100834
100952
102747
103133
104930
106948
107021
108028
108969
109317
109616
110452
113037
113179
113440
113612
114116
115317
117462
117628
117671
118162
118707
119875
120144
120214
121422
122306
122505
122667
122797
123586
123919
123952
124148
124152
124265
124651
124985
125058
125159
125975
126311
126708
126863
127362
127567
127847
128536
129809
129863
130238
130555
130725
131104
131232
131656
131781
131970
132516
132786
132819
133524
135777
136915
138208
138290
140038
140844
141271
141530
142536
142834
143818
144253
144612
144690
145791
146055
146104
146257
146272
146813
147404
149088
149179
149205
149494
150780
151269
152583
153282
153437
153903
154423
155024
156578
158147
158614
158744
158957
159320
159642
160645
161327
161894
162499
163464
163517
163644
164097
164909
165855
166275
167830
168231
168726
170218
171136
171670
172343
172777
172895
172915
173820
174553
174824
174834
175024
175380
175462
175810
175890
176247
176930
177565
177985
177997
179220
179403
179547
179686
179729
180365
180792
182376
182715
184991
185170
186346
186560
187697
188041
188274
188674
188949
189825
189841
189975
190911
192957
193194
193522
193546
194819
194960
194971
195703
196103
196138
196909
197424
197724
197764
198863
198864
198881
199364
199439
199450
200094
200630
201076
201309
201409
201757
201967
203930
204076
204175
204550
206294
206394
206700
206721
206904
207563
207914
208188
210075
210683
211425
212199
213350
213493
213585
213881
214901
214907
215235
215259
215276
215490
215876
216154
216738
216825
217108
217258
219596
219835
219921
220205
220399
220515
220872
221546
222118
222651
224510
224535
224649
224941
225020
226227
226624
227086
227372
227958
229016
229102
229739
230359
230945
231483
231701
233158
233656
233692
234216
235723
235953
236079
236740
236773
237249
237260
237321
237948
238743
239481
239719
240537
240594
240656
241218
241412
241648
242773
242830
245469
245641
245734
245960
246790
247333
248631
248862
248928
249574
250002
250045
250260
250932
251409
252956
253256
254095
254443
255106
255414
255800
256695
257609
257709
259097
260383
260794
261497
262123
262765
262775
262859
263963
264952
266064
266104
266199
266560
266619
267637
267785
267968
269770
271146
271804
271816
274308
274806
275053
275720
275956
276244
276474
277596
278041
278123
278484
278524
280103
281049
281286
281519
281995
282010
283738
285080
285515
286609
286857
287013
287467
288275
288287
289041
290399
290443
291261
291272
293326
294325
294350
295718
295756
295783
295900
296073
297493
298097
298122
298571
298694
298698
299084
299438
300122
301575
301735
301815
302549
302709
302839
302901
303575
304496
305127
306331
307012
307013
307072
307462
308136
308262
308505
309062
309430
309918
310709
311823
312038
312229
312518
313016
313071
313476
313828
314090
315215
315394
316260
316554
316919
318772
319124
319659
320157
320238
320360
321574
322118
323669
323670
324041
324482
324692
324715
324809
326120
326204
326420
327214
327477
327615
327850
327870
330361
330941
331186
331447
331962
333252
333664
333718
334069
335430
336726
337398
337477
337545
337868
338918
339063
339590
341165
341278
341287
341740
342302
342322
342858
343200
343233
343798
344152
344776
345306
347000
347478
347490
348040
348885
349599
349870
350106
350107
350292
350338
350697
351306
351574
351846
351934
352227
352819
352989
354295
354485
355105
355126
355852
356232
356553
357490
358561
358825
359040
362240
362766
362916
363203
363375
363776
364900
365209
366840
367295
367654
367815
368544
369798
369974
370377
371368
371890
372470
372513
373171
374426
375133
375400
375839
375982
376232
376237
376480
377893
378318
378385
378430
378650
379167
380953
381805
381972
382232
383013
383744
383997
384216
384670
385037
385622
386298
387600
387841
388345
388787
388836
389144
389195
389602
390858
390977
391253
391299
391495
392177
392377
393295
394203
394304
395369
395719
395817
395834
396817
397411
397754
397978
397979
397980
398070
398092
399185
399590
399926
400512
